time, displacement, force
81.258528, 1.1015625e-07, -0.01054144965
81.270816, -3.79296875e-07, -0.0106046474
81.274912, -5.39921875e-07, -0.01062523809
81.598496, -1.393613281e-05, -0.01237326589
81.602592, -1.410316406e-05, -0.01239501217
81.6968, -1.767976563e-05, -0.01284378116
81.700896, -1.783578125e-05, -0.0128634123
81.844256, -2.306242188e-05, -0.01350450236
81.848352, -2.321160156e-05, -0.01352281847
81.926176, -2.622578125e-05, -0.01390497693
81.930272, -2.6385e-05, -0.01392522116
81.946656, -2.70521875e-05, -0.01401203165
81.950752, -2.721417969e-05, -0.01403280866
82.008096, -2.957570313e-05, -0.01434143919
82.012192, -2.974429688e-05, -0.01436348365
82.237472, -3.926339844e-05, -0.01561768716
82.241568, -3.943460938e-05, -0.01564020648
82.319392, -4.249902344e-05, -0.01603066474
82.323488, -4.266324219e-05, -0.01605181133
82.450464, -4.749457031e-05, -0.01665542072
82.45456, -4.764660156e-05, -0.01667417015
82.528288, -5.055996094e-05, -0.01704606419
82.532384, -5.072035156e-05, -0.01706645581
82.74128, -5.947917969e-05, -0.01821603382
82.745376, -5.965375e-05, -0.01823921141
82.835488, -6.335605469e-05, -0.01872078476
82.839584, -6.352464844e-05, -0.01874276444
82.917408, -6.654390625e-05, -0.01912319376
82.921504, -6.670210938e-05, -0.01914309499
83.08944, -7.282789063e-05, -0.01988603169
83.093536, -7.297730469e-05, -0.01990418934
83.19184, -7.681886719e-05, -0.02039084793
83.195936, -7.698046875e-05, -0.02041146253
83.249184, -7.917511719e-05, -0.0206981569
83.25328, -7.935152344e-05, -0.02072176265
83.47856, -8.88746875e-05, -0.02197851177
83.482656, -8.904746094e-05, -0.02200136912
83.576864, -9.282234375e-05, -0.02248580094
83.58096, -9.29865625e-05, -0.02250691081
83.748896, -9.946292969e-05, -0.02331852828
83.752992, -9.962152344e-05, -0.02333850007
84.076576, -0.0001130555078, -0.02509411742
84.080672, -0.0001132247266, -0.02511628311
84.158496, -0.0001162608984, -0.02549981233
84.162592, -0.0001164198828, -0.02551984994
84.330528, -0.0001225770313, -0.02626582724
84.334624, -0.0001227242188, -0.02628343475
84.424736, -0.0001261924219, -0.02671893278
84.428832, -0.0001263510547, -0.02673896157
84.490272, -0.0001288604688, -0.02706653124
84.494368, -0.0001290272656, -0.02708828482
84.740128, -0.0001394214844, -0.02846985636
84.744224, -0.0001395928906, -0.02849259002
84.834336, -0.0001431348047, -0.02894357276
84.838432, -0.0001432979688, -0.02896456386
85.006368, -0.0001497102734, -0.02976547765
85.010464, -0.0001498686719, -0.02978549093
85.051424, -0.0001515215234, -0.03000036407
85.05552, -0.0001516926953, -0.03002313266
85.088288, -0.0001530269922, -0.03019767255
85.092384, -0.0001531935938, -0.03021946085
85.21936, -0.0001585568359, -0.03093646394
85.223456, -0.0001587312109, -0.03095994105
85.338144, -0.000163438125, -0.03157847696
85.34224, -0.0001636060938, -0.03160058055
85.415968, -0.0001664430078, -0.03195778525
85.420064, -0.0001666014063, -0.03197782533
85.60848, -0.0001735264453, -0.03282182161
85.612576, -0.0001736782422, -0.03284049538
85.706784, -0.0001773861328, -0.0333173061
85.71088, -0.0001775493359, -0.03333850631
85.899296, -0.0001855832813, -0.03442679022
85.903392, -0.0001857623047, -0.0344515011
85.97712, -0.0001888376172, -0.03486335965
85.981216, -0.00018901, -0.03488661121
86.075424, -0.000192775625, -0.03537688493
86.07952, -0.000192940625, -0.03539852002
86.267936, -0.0002002319141, -0.0363271995
86.272032, -0.0002003911328, -0.03634761075
86.579232, -0.000213146875, -0.03805680131
86.583328, -0.00021331625, -0.03807956111
86.677536, -0.0002169570703, -0.0385453239
86.681632, -0.0002171148828, -0.03856549682
86.829088, -0.0002224975391, -0.03922510967
86.833184, -0.0002226453516, -0.03924308725
86.902816, -0.0002252997266, -0.03958119257
86.906912, -0.0002254561328, -0.03960116595
86.968352, -0.00022791625, -0.03992683179
86.972448, -0.0002280800391, -0.03994851657
87.177248, -0.0002367815625, -0.04114777944
87.181344, -0.0002369589453, -0.04117263784
87.238688, -0.0002393250781, -0.04149343536
87.242784, -0.0002394957031, -0.04151674874
87.312416, -0.0002422686328, -0.04188347036
87.316512, -0.0002424332031, -0.04190540831
87.509024, -0.0002498337109, -0.04285995797
87.51312, -0.0002499928906, -0.04288073987
87.590944, -0.0002531747266, -0.0433122929
87.59504, -0.0002533493359, -0.04333671474
87.816224, -0.0002625346484, -0.04459692055
87.82032, -0.0002627046484, -0.04462033712
87.918624, -0.0002665143359, -0.04511875171
87.92272, -0.0002666725391, -0.04513943052
88.049696, -0.0002713033594, -0.0457170619
88.053792, -0.0002714487891, -0.04573479863
88.16848, -0.0002758705078, -0.04631515142
88.172576, -0.0002760295313, -0.04633618673
88.2504, -0.0002792392969, -0.04678070602
88.254496, -0.000279408125, -0.04680411277
88.47568, -0.0002888112109, -0.04813456618
88.479776, -0.0002889832031, -0.04815880352
88.57808, -0.0002928976953, -0.04868915317
88.582176, -0.0002930623047, -0.04871165919
88.766496, -0.0003002075781, -0.04966245904
88.770592, -0.0003003669531, -0.04968380813
88.82384, -0.0003025325781, -0.0499842322
88.827936, -0.00030269875, -0.05000726462
88.934432, -0.0003071764063, -0.05064426334
88.938528, -0.0003073525781, -0.05066978935
88.999968, -0.0003099058594, -0.05103072937
89.004064, -0.0003100798438, -0.05105574951
89.102368, -0.0003140822656, -0.05161371069
89.106464, -0.0003142492578, -0.05163706228
89.176096, -0.000316915625, -0.05199178845
89.180192, -0.0003170738281, -0.05201302031
89.327648, -0.0003224386719, -0.05269816445
89.331744, -0.0003225864453, -0.05271694183
89.409568, -0.0003255686719, -0.05311747218
89.413664, -0.0003257252734, -0.05313849743
89.511968, -0.0003297285547, -0.053704144
89.516064, -0.0003298973438, -0.05372825792
89.716768, -0.0003384429297, -0.05497734324
89.720864, -0.0003386163281, -0.05500269869
89.794592, -0.0003415833594, -0.0554204314
89.798688, -0.0003417497266, -0.05544406262
90.023968, -0.0003504592969, -0.05663599849
90.028064, -0.0003506188672, -0.05665808109
90.085408, -0.0003529609375, -0.05699480194
90.089504, -0.0003531271094, -0.05701859884
90.0936, -0.0003532932813, -0.05704239818
90.25744, -0.0003601761328, -0.0580543208
90.261536, -0.0003603493359, -0.05808000421
90.335264, -0.0003633406641, -0.05851005148
90.33936, -0.0003635088672, -0.0585345017
90.433568, -0.0003671301563, -0.0590339489
90.437664, -0.0003672867578, -0.05905549034
90.589216, -0.0003727979297, -0.05978270744
90.593312, -0.0003729473438, -0.059802546
90.691616, -0.0003767780078, -0.06034276697
90.695712, -0.0003769392188, -0.06036574071
90.74896, -0.0003791271875, -0.06068843299
90.753056, -0.0003792951953, -0.06071320841
90.937376, -0.0003871503906, -0.06190433707
90.941472, -0.0003873267969, -0.06193140841
90.978336, -0.0003888391797, -0.06215533323
90.982432, -0.0003890115625, -0.062181376
90.986528, -0.0003891839453, -0.06220742147
91.060256, -0.0003921412891, -0.06263824433
91.064352, -0.0003923078906, -0.06266282721
91.248672, -0.0003994574609, -0.06368033111
91.252768, -0.00039961625, -0.06370301188
91.346976, -0.000403460625, -0.0642759877
91.351072, -0.0004036288281, -0.06430123598
91.482144, -0.0004091457813, -0.0651450734
91.48624, -0.0004093198047, -0.06517196038
91.580448, -0.0004131969922, -0.06575709431
91.584544, -0.0004133662109, -0.06578276564
91.658272, -0.0004162411328, -0.06619940024
91.662368, -0.0004163997266, -0.06622228402
91.850784, -0.0004233049609, -0.0671754086
91.85488, -0.0004234541406, -0.06719596504
91.928608, -0.0004263099219, -0.06761268423
91.932704, -0.0004264687109, -0.06763591221
92.026912, -0.0004303602734, -0.068235377
92.031008, -0.0004305298828, -0.06826161253
92.219424, -0.0004385562109, -0.06952951495
92.22352, -0.0004387296094, -0.06955691103
92.338208, -0.0004432911328, -0.07024438561
92.342304, -0.0004434541406, -0.07026903275
92.375072, -0.0004447016406, -0.07045076034
92.379168, -0.00044486125, -0.07047450876
92.4488, -0.0004474658984, -0.07084895181
92.452896, -0.0004476177344, -0.07087063425
92.526624, -0.0004505103516, -0.0713055897
92.53072, -0.0004506707813, -0.07132972224
92.588064, -0.0004530033203, -0.07169177184
92.59216, -0.0004531699219, -0.07171766723
92.73552, -0.0004592362109, -0.07268968283
92.739616, -0.0004594108203, -0.07271791667
92.842016, -0.0004636078516, -0.07337727218
92.846112, -0.0004637766797, -0.07340398018
92.91984, -0.0004666196484, -0.07383037119
92.923936, -0.0004667786328, -0.07385439629
93.087776, -0.0004727495703, -0.07471099655
93.091872, -0.0004728989844, -0.07473253655
93.14512, -0.0004749636328, -0.07504746455
93.149216, -0.0004751202344, -0.07507109472
93.24752, -0.0004791246484, -0.07570847009
93.251616, -0.0004792924609, -0.07573536709
93.497376, -0.0004897111328, -0.07744984086
93.501472, -0.0004898817578, -0.07747773297
93.747232, -0.0004994476172, -0.07896543451
93.751328, -0.0004996062109, -0.07899013898
93.829152, -0.0005027535938, -0.07949888279
93.833248, -0.0005029190234, -0.07952564847
94.033952, -0.0005112672266, -0.08090953203
94.038048, -0.0005114368359, -0.08093770094
94.099488, -0.0005138591016, -0.08132496178
94.103584, -0.0005140204688, -0.08135078658
94.140448, -0.0005153848828, -0.0815576607
94.144544, -0.0005155386719, -0.08158131364
94.222368, -0.0005182153906, -0.08196027767
94.226464, -0.0005183564063, -0.08198030644
94.238752, -0.0005187633594, -0.08203570574
94.242848, -0.0005189007422, -0.08205469342
94.296096, -0.000520585, -0.08227263721
94.300192, -0.0005207141797, -0.08228932041
94.382112, -0.0005231278125, -0.08257590962
94.386208, -0.0005232488281, -0.08259038074
94.57872, -0.0005286910156, -0.0832154166
94.582816, -0.0005288069922, -0.08322885937
94.586912, -0.0005289167969, -0.08324049264
94.693408, -0.0005317120313, -0.08353134312
94.697504, -0.0005318167969, -0.08354177557
94.775328, -0.0005337144141, -0.08371617201
94.779424, -0.0005338126172, -0.0837249016
94.861344, -0.0005355914844, -0.08384955886
94.86544, -0.0005356772656, -0.08385491177
94.935072, -0.0005369887109, -0.08390658443
94.939168, -0.0005370626953, -0.08390874753
95.004704, -0.000538150625, -0.08391897518
95.0088, -0.0005382137891, -0.08391825426
95.041568, -0.0005387264453, -0.08391560648
95.045664, -0.0005387902344, -0.08391522496
95.135776, -0.0005400780078, -0.08388051855
95.139872, -0.000540135625, -0.08387874696
95.258656, -0.0005416382813, -0.08379167765
95.262752, -0.0005416886719, -0.08378835813
95.39792, -0.0005431816016, -0.08364698193
95.402016, -0.0005432242187, -0.08364205303
95.537184, -0.0005445057422, -0.08346094419
95.54128, -0.0005445439453, -0.08345538882
95.737888, -0.0005461447266, -0.08315794007
95.741984, -0.0005461777344, -0.08315180044
95.877152, -0.0005471779688, -0.08294019358
95.881248, -0.0005472073438, -0.08293362578
96.077856, -0.00054847875, -0.08261204286
96.081952, -0.0005485039453, -0.08260512635
96.2376, -0.0005493217578, -0.08232336551
96.241696, -0.0005493425391, -0.08231586229
96.397344, -0.0005500251563, -0.08202037949
96.40144, -0.0005500421484, -0.08201245229
96.598048, -0.0005507434766, -0.08162962873
96.602144, -0.0005507566797, -0.08162140526
96.62672, -0.0005508309766, -0.08157118274
96.630816, -0.0005508427734, -0.08156268235
96.835616, -0.0005514035938, -0.08115913354
96.839712, -0.0005514147656, -0.0811511808
97.11824, -0.0005520437109, -0.08062450341
97.122336, -0.0005520526953, -0.08061684239
97.454112, -0.0005525839844, -0.08000684843
97.458208, -0.000552589375, -0.07999917404
98.01936, -0.0005531664844, -0.07905577933
98.023456, -0.0005531702734, -0.07904899952
98.314272, -0.000553361875, -0.07858311929
98.318368, -0.0005533640625, -0.07857653061
98.916384, -0.0005534886719, -0.07769182732
98.92048, -0.0005534898828, -0.07768601993
99.072032, -0.0005535346875, -0.0774783875
99.076128, -0.0005535358984, -0.07747281726
99.682336, -0.0005537773047, -0.07676113836
99.686432, -0.0005537785156, -0.07675634338
100.1288, -0.0005538359375, -0.07626558754
100.132896, -0.0005538359375, -0.07626098911
101.124128, -0.0005538355469, -0.075325843
101.128224, -0.0005538355078, -0.0753220827
101.279776, -0.0005538340625, -0.07518666268
101.283872, -0.0005538340234, -0.07518302079
101.345312, -0.0005538334375, -0.07512899007
101.349408, -0.0005538333984, -0.07512539672
101.431328, -0.0005537012891, -0.07502395083
101.435424, -0.0005536872656, -0.07501715754
101.468192, -0.0005534847656, -0.07494195519
101.472288, -0.0005534553516, -0.07493160922
101.509152, -0.0005530757813, -0.07481212998
101.513248, -0.0005530283984, -0.07479766024
101.550112, -0.0005524873047, -0.0746412964
101.554208, -0.0005524237109, -0.07462314403
101.607456, -0.0005514173438, -0.07434689023
101.611552, -0.0005513311719, -0.07432366223
101.64432, -0.0005505408984, -0.07411518733
101.648416, -0.0005504361328, -0.07408779452
101.693472, -0.0005491280078, -0.07375214836
101.697568, -0.0005490036328, -0.07372046149
101.722144, -0.0005481837109, -0.07351397914
101.72624, -0.0005480413281, -0.0734783123
101.759008, -0.0005468070313, -0.0731723133
101.763104, -0.0005466470313, -0.07313284942
101.7672, -0.0005464870313, -0.07309341362
101.771296, -0.0005463270313, -0.07305400577
101.80816, -0.0005448066406, -0.07268262568
101.812256, -0.0005446352344, -0.07264091308
101.935136, -0.0005393023828, -0.07136420193
101.939232, -0.0005391225781, -0.07132153399
102.037536, -0.0005349508594, -0.0703401792
102.041632, -0.0005347786719, -0.07029990654
102.119456, -0.0005316920703, -0.06958141408
102.123552, -0.0005315290625, -0.06954365222
102.307872, -0.0005246523828, -0.06797223939
102.311968, -0.0005245016016, -0.06793808517
102.406176, -0.0005208152734, -0.06711260972
102.410272, -0.0005206526953, -0.06707640724
102.447136, -0.0005191255078, -0.0667381087
102.451232, -0.0005189567188, -0.06670079527
102.660128, -0.0005099797266, -0.06475546641
102.664224, -0.0005098025, -0.06471748036
102.754336, -0.0005061428906, -0.06393747983
102.758432, -0.0005059750781, -0.06390187926
102.946848, -0.0004987521875, -0.06238844278
102.950944, -0.0004985989844, -0.06235658137
103.008288, -0.0004963665625, -0.06189470409
103.012384, -0.0004962075391, -0.06186188666
103.258144, -0.0004860715234, -0.05980890227
103.26224, -0.0004858997266, -0.05977446641
103.319584, -0.000483605625, -0.05931620995
103.32368, -0.0004834412109, -0.05928344836
103.327776, -0.0004832858203, -0.059252481
103.401504, -0.0004804425, -0.05868867477
103.4056, -0.0004802834766, -0.05865723489
103.54896, -0.0004750164063, -0.05762452835
103.553056, -0.0004748680078, -0.05759557457
103.647264, -0.0004712721094, -0.05689815228
103.65136, -0.0004711135156, -0.0568674978
103.708704, -0.0004687543359, -0.05641319145
103.7128, -0.0004685859375, -0.05638083587
103.87664, -0.0004615134766, -0.05503561088
103.880736, -0.0004613344531, -0.0550017647
104.02, -0.0004555683594, -0.05392056822
104.024096, -0.0004554011719, -0.05388937196
104.077344, -0.0004533249609, -0.05350323932
104.08144, -0.0004531645703, -0.05347346269
104.118304, -0.0004517725781, -0.05321564762
104.1224, -0.0004516141797, -0.05318634062
104.208416, -0.0004483776953, -0.0525903593
104.212512, -0.0004482246875, -0.05256225997
104.26576, -0.0004461233984, -0.0521772164
104.269856, -0.0004459630078, -0.0521478802
104.495136, -0.0004365951563, -0.05045307025
104.499232, -0.0004364213672, -0.05042183268
104.560672, -0.0004339355859, -0.04997676396
104.564768, -0.0004337698047, -0.04994713694
104.658976, -0.0004301638281, -0.04930625488
104.663072, -0.0004300058594, -0.04927824788
104.810528, -0.0004245838672, -0.04832421672
104.814624, -0.0004244336719, -0.04829788784
104.892448, -0.0004214036328, -0.04776784975
104.896544, -0.0004212446484, -0.04774009955
104.966176, -0.0004183641406, -0.04723818909
104.970272, -0.0004181935547, -0.04720851846
104.998944, -0.0004169476563, -0.04699191597
105.00304, -0.0004167746484, -0.04696188776
105.134112, -0.0004111246094, -0.04598668067
105.138208, -0.0004109466016, -0.04595606042
105.236512, -0.0004068733984, -0.04525934996
105.240608, -0.0004067033984, -0.04523034523
105.302048, -0.0004042627344, -0.04481557735
105.306144, -0.000404098125, -0.04478763662
105.449504, -0.0003986371875, -0.04386764504
105.4536, -0.0003984835547, -0.04384186036
105.527328, -0.0003955742578, -0.04335417383
105.531424, -0.0003954124219, -0.04332709036
105.797664, -0.0003844404297, -0.04150774939
105.80176, -0.0003842733984, -0.04148022864
105.920544, -0.0003797199609, -0.04073519236
105.92464, -0.0003795621484, -0.04070942864
106.068, -0.0003742853906, -0.03985411645
106.072096, -0.0003741351563, -0.03982983572
106.14992, -0.0003711065234, -0.03934038318
106.154016, -0.0003709469141, -0.03931462908
106.162208, -0.0003706152734, -0.03926104228
106.166304, -0.0003704526563, -0.03923479804
106.207264, -0.0003687512109, -0.03896008274
106.21136, -0.0003685824219, -0.03893286618
106.399776, -0.0003604884375, -0.0376345799
106.403872, -0.0003603102344, -0.03760609177
106.4776, -0.0003572553516, -0.03712017788
106.481696, -0.0003570841406, -0.03709297498
106.55952, -0.0003540023828, -0.03660601657
106.563616, -0.0003538397656, -0.03658035651
106.706976, -0.0003484311719, -0.03573336436
106.711072, -0.0003482773438, -0.03570934156
106.747936, -0.0003468228906, -0.0354818512
106.752032, -0.0003466646875, -0.03545715596
107.055136, -0.0003341563672, -0.0335174063
107.059232, -0.0003339899609, -0.03349176353
107.157536, -0.0003302192969, -0.03291464423
107.161632, -0.0003300612891, -0.03289049147
107.284512, -0.0003255460156, -0.03220518485
107.288608, -0.0003253973828, -0.03218269008
107.386912, -0.0003216060938, -0.03160822054
107.391008, -0.0003214464844, -0.03158405783
107.468832, -0.0003182054688, -0.03109249454
107.472928, -0.0003180342578, -0.0310665569
107.595808, -0.0003127041406, -0.03026045768
107.599904, -0.0003125237109, -0.03023320222
107.677728, -0.0003092376953, -0.02973948066
107.681824, -0.0003090635156, -0.02971333325
107.796512, -0.000304455, -0.02902676753
107.800608, -0.0003042910156, -0.02900238914
107.903008, -0.0003004296875, -0.02843278715
107.907104, -0.0003002778906, -0.02841046166
108.009504, -0.0002962890625, -0.02782323462
108.0136, -0.0002961300781, -0.02779987274
108.30032, -0.0002843001953, -0.02606835903
108.304416, -0.0002841325781, -0.02604394652
108.419104, -0.0002797589063, -0.02541294994
108.4232, -0.0002796010938, -0.02539019776
108.56656, -0.0002743258984, -0.02463599709
108.570656, -0.0002741757031, -0.02461457219
108.591136, -0.0002733932813, -0.02450258711
108.595232, -0.0002732322656, -0.02447948846
108.64848, -0.00027116375, -0.02418354528
108.652576, -0.0002710051563, -0.02416088046
108.70992, -0.0002686457031, -0.02382238997
108.714016, -0.0002684776953, -0.02379831537
108.898336, -0.0002605432422, -0.02266290122
108.902432, -0.0002603648438, -0.02263741431
108.97616, -0.0002573151953, -0.02220474509
108.980256, -0.0002571439844, -0.02218045565
109.05808, -0.0002540590234, -0.02174606871
109.062176, -0.00025389625, -0.0217231671
109.168672, -0.0002498841016, -0.02116352888
109.172768, -0.0002497328906, -0.02114251439
109.266976, -0.0002460623438, -0.02063074556
109.271072, -0.0002459023438, -0.02060845965
109.512736, -0.0002358748047, -0.01921267621
109.516832, -0.0002357021875, -0.0191886859
109.578272, -0.0002332421875, -0.01884928508
109.582368, -0.0002330783984, -0.01882670972
109.660192, -0.0002301222656, -0.01842256342
109.664288, -0.0002299640625, -0.01840091244
109.787168, -0.0002254527734, -0.01778937613
109.791264, -0.00022530375, -0.0177692288
109.889568, -0.0002215135938, -0.01725445126
109.893664, -0.0002213541797, -0.01723280172
109.946912, -0.0002191655859, -0.01693409733
109.951008, -0.0002189973828, -0.01691115998
110.118944, -0.0002117521484, -0.01592241595
110.12304, -0.0002115733594, -0.01589803771
110.196768, -0.0002084952734, -0.01548138575
110.200864, -0.0002083228906, -0.01545805128
110.299168, -0.0002044025, -0.0149323461
110.303264, -0.0002042387109, -0.01491040236
110.508064, -0.0001963771875, -0.01386848699
110.51216, -0.0001962171875, -0.01384728069
110.7784, -0.0001851980469, -0.01238620238
110.782496, -0.0001850278516, -0.01236369432
110.897184, -0.0001805834375, -0.01178340592
110.90128, -0.0001804242188, -0.01176263587
111.048736, -0.0001750258594, -0.01106742941
111.052832, -0.0001748770703, -0.01104832375
111.151136, -0.0001710839844, -0.01055783935
111.155232, -0.000170924375, -0.01053719255
111.22896, -0.0001678478125, -0.01013598576
111.233056, -0.0001676766016, -0.01011367247
111.421472, -0.0001595846094, -0.009060526896
111.425568, -0.0001594082031, -0.009037609147
111.499296, -0.00015639625, -0.008650126717
111.503392, -0.0001562272266, -0.008628366864
111.560736, -0.0001539772266, -0.008341434793
111.564832, -0.0001538148047, -0.008320700464
111.646752, -0.0001507418359, -0.007932823893
111.650848, -0.0001505916406, -0.007913958156
111.749152, -0.0001467816016, -0.007431990482
111.753248, -0.0001466237891, -0.007412069464
112.056352, -0.000134104375, -0.005825936256
112.060448, -0.0001339380078, -0.005804985611
112.064544, -0.0001337812109, -0.00578544656
112.06864, -0.0001336244141, -0.005765910218
112.158752, -0.0001301716016, -0.005336569585
112.162848, -0.0001300133984, -0.005316888517
112.310304, -0.0001245723438, -0.004648024332
112.3144, -0.0001244213281, -0.004629491024
112.388128, -0.0001215639453, -0.004276119148
112.392224, -0.0001214043359, -0.00425637565
112.449568, -0.0001190356641, -0.003960756248
112.453664, -0.0001188670703, -0.003939741793
112.658464, -0.0001100683594, -0.00284081547
112.66256, -0.0001098917188, -0.002818786857
112.760864, -0.0001058778125, -0.002324228905
112.76496, -0.00010571, -0.00230356134
113.006624, -9.640246094e-05, -0.00117691795
113.01072, -9.624246094e-05, -0.001157540587
113.096736, -9.271617188e-05, -0.0007273421882
113.100832, -9.25415625e-05, -0.0007059036547
113.240096, -8.67565625e-05, -1.406854418e-06
113.244192, -8.658355469e-05, 1.969924643e-05
113.31792, -8.361554688e-05, 0.0003778015275
113.322016, -8.345195313e-05, 0.0003974940966
113.416224, -7.984355469e-05, 0.0008271714474
113.42032, -7.968554688e-05, 0.0008459978651
113.571872, -7.409058594e-05, 0.001504165712
113.575968, -7.394058594e-05, 0.001521753784
113.6456, -7.124882813e-05, 0.001840730127
113.649696, -7.108925781e-05, 0.001859658608
113.72752, -6.786097656e-05, 0.00224691551
113.731616, -6.7689375e-05, 0.002267526413
113.895456, -6.064769531e-05, 0.003114194031
113.899552, -6.047027344e-05, 0.003135526155
113.981472, -5.710578125e-05, 0.003534961485
113.985568, -5.693480469e-05, 0.003555312619
114.0552, -5.417417969e-05, 0.003879810646
114.059296, -5.401195313e-05, 0.00389886303
114.165792, -5.001160156e-05, 0.004361993942
114.169888, -4.986019531e-05, 0.004379437822
114.268192, -4.60178125e-05, 0.004827094868
114.272288, -4.585703125e-05, 0.004845828136
114.370592, -4.177664063e-05, 0.005326123598
114.374688, -4.160105469e-05, 0.005346914412
114.477088, -3.732417969e-05, 0.005849403737
114.481184, -3.714941406e-05, 0.005870011773
114.559008, -3.397675781e-05, 0.006239807091
114.563104, -3.380996094e-05, 0.006259230635
114.653216, -3.036738281e-05, 0.006653430198
114.657312, -3.0209375e-05, 0.006671552033
114.788384, -2.539925781e-05, 0.007215084905
114.79248, -2.525066406e-05, 0.007231806781
114.886688, -2.160574219e-05, 0.0076480318
114.890784, -2.14459375e-05, 0.007666303153
114.968608, -1.821066406e-05, 0.008041154265
114.972704, -1.80396875e-05, 0.008060970055
115.14064, -1.080441406e-05, 0.008902330563
115.144736, -1.062683594e-05, 0.008922979958
115.218464, -7.576289063e-06, 0.00927343233
115.22256, -7.405507813e-06, 0.009293075547
115.296288, -4.48546875e-06, 0.009624325339
115.300384, -4.322265625e-06, 0.009642856086
115.410976, -1.21953125e-07, 0.01011304902
115.415072, 3.8828125e-08, 0.0101311865
115.484704, 2.720117187e-06, 0.01043179272
115.4888, 2.876914062e-06, 0.01044933493
115.546144, 5.177265625e-06, 0.01070951619
115.55024, 5.340664062e-06, 0.01072796277
115.75504, 1.382210937e-05, 0.01169052288
115.759136, 1.399328125e-05, 0.01170996186
115.81648, 1.6276875e-05, 0.01196592328
115.820576, 1.644066406e-05, 0.0119842931
115.91888, 2.018308594e-05, 0.01239792316
115.922976, 2.034070312e-05, 0.01241538226
116.025376, 2.409546875e-05, 0.01282509859
116.029472, 2.424265625e-05, 0.01284105282
116.127776, 2.79978125e-05, 0.01325464875
116.131872, 2.815480469e-05, 0.01327194383
116.2056, 3.118609375e-05, 0.01361168018
116.209696, 3.135492187e-05, 0.01363060402
116.434976, 4.099074219e-05, 0.01471597636
116.439072, 4.116433594e-05, 0.01473545459
116.537376, 4.511574219e-05, 0.0151720929
116.541472, 4.528035156e-05, 0.01519026905
116.664352, 4.99109375e-05, 0.01569159375
116.668448, 5.006234375e-05, 0.01570787903
116.746272, 5.308027344e-05, 0.01603668145
116.750368, 5.323886719e-05, 0.01605394436
117.037088, 6.514554687e-05, 0.01736863608
117.041184, 6.531433594e-05, 0.01738720151
117.04528, 6.547375e-05, 0.01740445759
117.139488, 6.911515625e-05, 0.01779733891
117.143584, 6.927496094e-05, 0.01781461738
117.307424, 7.531273437e-05, 0.0184551762
117.31152, 7.546414062e-05, 0.01847123987
117.405728, 7.916972656e-05, 0.01887125802
117.409824, 7.933375e-05, 0.01888904505
117.635104, 8.899191406e-05, 0.01995199082
117.6392, 8.916933594e-05, 0.01997154452
117.757984, 9.403652344e-05, 0.0204990914
117.76208, 9.4203125e-05, 0.02051709943
118.00784, 0.0001036069141, 0.02151269917
118.011936, 0.0001037667187, 0.02152969799
118.257696, 0.0001139192578, 0.02262408352
118.261792, 0.0001140904687, 0.02264257756
118.319136, 0.0001163791016, 0.02288635232
118.323232, 0.0001165435156, 0.0229038896
118.384672, 0.0001189023047, 0.02315194671
118.388768, 0.0001190545312, 0.0231677852
118.401056, 0.0001195321875, 0.02321818895
118.405152, 0.0001196914062, 0.02323498859
118.548512, 0.0001250018359, 0.02378612045
118.552608, 0.000125150625, 0.02380145242
118.626336, 0.000127985625, 0.02409883497
118.630432, 0.0001281428516, 0.02411531352
118.708256, 0.0001313457422, 0.02445777378
118.712352, 0.0001315145312, 0.02447582188
118.876192, 0.0001385658594, 0.02523728151
118.880288, 0.0001387440625, 0.02525656801
118.974496, 0.0001426480859, 0.0256728935
118.978592, 0.0001428188672, 0.02569113009
119.05232, 0.0001457296094, 0.02599670103
119.056416, 0.0001458918359, 0.0260137438
119.187488, 0.0001508243359, 0.02652302902
119.191584, 0.0001509765625, 0.02653867371
119.248928, 0.0001532138672, 0.02677215529
119.253024, 0.0001533716797, 0.026788555
119.556128, 0.0001659066797, 0.02811539742
119.560224, 0.0001660732812, 0.0281329257
119.658528, 0.0001698539062, 0.02852347476
119.662624, 0.0001700119141, 0.02853980827
119.805984, 0.0001752903125, 0.0290766139
119.81008, 0.0001754415234, 0.02909199963
119.838752, 0.0001765455078, 0.02920590262
119.842848, 0.0001767003125, 0.02922177506
119.887904, 0.0001784704297, 0.02940550742
119.892, 0.0001786298437, 0.02942200189
119.949344, 0.0001809755469, 0.02966836481
119.95344, 0.00018114375, 0.02968604802
120.11728, 0.0001882180078, 0.03043929094
120.121376, 0.0001883967969, 0.03045837597
120.1992, 0.0001916441406, 0.03080028903
120.203296, 0.0001918163281, 0.03081845491
120.32208, 0.0001965235937, 0.03130574536
120.326176, 0.000196685, 0.0313224184
120.428576, 0.0002005454297, 0.03171521947
120.432672, 0.0002006970312, 0.03173054383
120.5064, 0.0002035690234, 0.03202577508
120.510496, 0.0002037276172, 0.03204204331
120.801312, 0.0002157053125, 0.03329194476
120.805408, 0.0002158723437, 0.03330930997
120.89552, 0.0002193610547, 0.03366587241
120.899616, 0.0002195202734, 0.03368216402
121.042976, 0.0002248066406, 0.03421325859
121.047072, 0.0002249552344, 0.03422809704
121.149472, 0.0002289044922, 0.03463075326
121.153568, 0.0002290637109, 0.03464702624
121.210912, 0.0002314275, 0.03489305224
121.215008, 0.0002315964844, 0.03491064286
121.382944, 0.0002387859766, 0.03566625332
121.38704, 0.0002389566016, 0.03568403507
121.440288, 0.0002412052734, 0.03591924864
121.444384, 0.0002413791016, 0.03593745596
121.538592, 0.0002451573828, 0.03632619946
121.542688, 0.0002453221875, 0.03634317097
121.747488, 0.0002531523047, 0.03713568821
121.751584, 0.0002533105078, 0.03715175216
121.804832, 0.0002554727734, 0.03737483812
121.808928, 0.0002556369922, 0.03739171156
122.038304, 0.0002652029297, 0.03838533403
122.0424, 0.0002653723437, 0.03840288221
122.136608, 0.0002690126562, 0.0387717189
122.140704, 0.0002691728516, 0.03878801417
122.284064, 0.0002744596094, 0.03931505745
122.28816, 0.0002746089844, 0.03932988872
122.365984, 0.00027760625, 0.03963316955
122.37008, 0.0002777642578, 0.03964916652
122.447904, 0.0002809458203, 0.03997724474
122.452, 0.000281115, 0.03999474552
122.640416, 0.0002892366406, 0.04084461405
122.644512, 0.0002894144531, 0.04086325665
122.734624, 0.0002931035156, 0.0412431529
122.73872, 0.0002932725391, 0.04126060103
123.00496, 0.0003035576563, 0.04229976037
123.009056, 0.0003037176563, 0.04231598638
123.238432, 0.0003131960156, 0.04329382903
123.242528, 0.0003133696094, 0.04331187559
123.316256, 0.000316330625, 0.04361459114
123.320352, 0.000316495, 0.04363139256
123.398176, 0.0003194549609, 0.04392862256
123.402272, 0.0003196141797, 0.04394473027
123.566112, 0.0003256571875, 0.04454535864
123.570208, 0.0003258076172, 0.04456028967
123.627552, 0.0003280078125, 0.0447820256
123.631648, 0.0003281646484, 0.04479782156
123.688992, 0.0003304977734, 0.04503745074
123.693088, 0.0003306635547, 0.04505445049
123.877408, 0.00033859875, 0.04588279242
123.881504, 0.0003387773828, 0.0459015106
123.975712, 0.0003426912891, 0.04630572125
123.979808, 0.0003428620703, 0.04632337899
124.053536, 0.0003457792187, 0.04662008659
124.057632, 0.0003459416016, 0.04663661505
124.164128, 0.0003499808984, 0.04704184477
124.168224, 0.0003501323047, 0.04705690089
124.270624, 0.0003541220703, 0.04746089149
124.27472, 0.0003542828906, 0.04747721861
124.553248, 0.0003658075, 0.04866622735
124.557344, 0.0003659742969, 0.04868335739
124.655648, 0.0003697380859, 0.04906237379
124.659744, 0.0003698962891, 0.04907835416
124.82768, 0.0003761438672, 0.04970187069
124.831776, 0.0003762966797, 0.04971714148
124.9096, 0.0003793794922, 0.05003143277
124.913696, 0.0003795421094, 0.05004802618
124.962848, 0.0003815827734, 0.05025913056
124.966944, 0.0003817533984, 0.05027680055
125.13488, 0.0003890054687, 0.05103544897
125.138976, 0.0003891828906, 0.05105403006
125.23728, 0.00039323375, 0.05147210855
125.241376, 0.0003934033594, 0.05148964217
125.507616, 0.0004036474609, 0.05252530348
125.511712, 0.0004038062891, 0.05254141083
125.794336, 0.0004154617969, 0.05374655287
125.798432, 0.0004156287891, 0.05376376997
125.917216, 0.0004201830078, 0.05422451724
125.921312, 0.0004203411719, 0.05424056078
126.048288, 0.0004250038281, 0.0547059883
126.052384, 0.0004251520312, 0.05472071161
126.146592, 0.0004287655469, 0.05508701506
126.150688, 0.0004289249219, 0.0551032498
126.208032, 0.0004312766406, 0.05534673746
126.212128, 0.000431445625, 0.05536426709
126.380064, 0.0004386759766, 0.05612347649
126.38416, 0.0004388541406, 0.05614224501
126.478368, 0.0004427619141, 0.05654844223
126.482464, 0.0004429328906, 0.05656625159
126.556192, 0.0004458460156, 0.05686480125
126.560288, 0.0004460080078, 0.05688141193
126.748704, 0.0004531605859, 0.05760604353
126.7528, 0.0004533187891, 0.05762217014
126.830624, 0.0004564921094, 0.05795113529
126.83472, 0.000456658125, 0.05796831947
127.014944, 0.00046419125, 0.0587552943
127.01904, 0.0004643630469, 0.05877326875
127.096864, 0.0004674565234, 0.0590919438
127.10096, 0.0004676195312, 0.05910874711
127.105056, 0.00046777375, 0.05912436921
127.109152, 0.0004679279687, 0.05913999194
127.158304, 0.0004698046875, 0.05933102744
127.1624, 0.0004699632812, 0.05934724582
127.289376, 0.0004746511328, 0.05981974521
127.293472, 0.0004747997656, 0.05983464664
127.363104, 0.0004774938672, 0.06011056084
127.3672, 0.0004776514844, 0.06012668012
127.42864, 0.0004801401953, 0.06038524162
127.432736, 0.0004803064062, 0.06040252287
127.658016, 0.0004899654297, 0.0614227795
127.662112, 0.0004901420312, 0.06144147538
127.75632, 0.0004939608984, 0.06183894923
127.760416, 0.0004941276953, 0.06185633863
127.985696, 0.000502760625, 0.06274124999
127.989792, 0.0005029178125, 0.06275738345
128.174112, 0.0005104809375, 0.06354975001
128.178208, 0.0005106529297, 0.06356789783
128.276512, 0.0005145958203, 0.06397875204
128.280608, 0.0005147582031, 0.06399562136
128.358432, 0.0005176127734, 0.06428529365
128.362528, 0.0005177595703, 0.06430008213
128.399392, 0.0005190150781, 0.06442439898
128.403488, 0.0005191482812, 0.06443736774
128.440352, 0.0005203546875, 0.06455517392
128.444448, 0.0005204905078, 0.06456850554
128.51408, 0.0005225935547, 0.06476772565
128.518176, 0.0005227147656, 0.06477911433
128.65744, 0.0005265089453, 0.06512369332
128.661536, 0.0005266205469, 0.0651338402
128.796704, 0.0005301767187, 0.06545297281
128.8008, 0.0005302849219, 0.06546271362
128.935968, 0.0005335671094, 0.06574682851
128.940064, 0.0005336652734, 0.06575527623
129.021984, 0.0005354887109, 0.0659060144
129.02608, 0.0005355777344, 0.06591327092
129.095712, 0.0005369544922, 0.06601875359
129.099808, 0.000537033125, 0.06602465031
129.181728, 0.0005384676953, 0.06612475541
129.185824, 0.0005385376953, 0.06612953811
129.280032, 0.000539988125, 0.06621912831
129.284128, 0.0005400493359, 0.06622278647
129.37424, 0.000541254375, 0.06628524685
129.378336, 0.0005413067969, 0.06628778214
129.49712, 0.0005426916406, 0.06634489519
129.501216, 0.0005427374219, 0.06634661547
129.64048, 0.0005441162109, 0.06638375089
129.644576, 0.000544155, 0.06638462479
129.755168, 0.0005451001172, 0.06639612264
129.759264, 0.0005451345312, 0.0663964841
129.853472, 0.0005458646094, 0.06639772598
129.857568, 0.0005458964062, 0.06639779979
129.935392, 0.0005464692187, 0.06639578796
129.939488, 0.0005464996094, 0.06639572501
130.115616, 0.0005476841797, 0.06638054199
130.119712, 0.0005477112109, 0.06638014087
130.279456, 0.0005486508984, 0.06635234102
130.283552, 0.0005486735156, 0.06635144879
130.41872, 0.0005493528516, 0.06631534487
130.422816, 0.0005493728125, 0.0663141823
130.717728, 0.0005505398047, 0.06620478517
130.721824, 0.0005505538281, 0.06620300652
131.037216, 0.0005514695703, 0.06605536357
131.041312, 0.0005514798047, 0.06605325736
131.270688, 0.0005519528125, 0.06592769932
131.274784, 0.0005519612109, 0.0659254722
131.495968, 0.0005523371875, 0.06579996204
131.500064, 0.0005523439844, 0.06579763539
132.032544, 0.0005529790625, 0.0654887413
132.03664, 0.0005529828516, 0.0654862599
132.593696, 0.0005533657031, 0.0651571229
132.597792, 0.0005533679297, 0.06515465952
133.707808, 0.0005538034766, 0.06454978141
133.711904, 0.0005538046875, 0.06454754396
135.489568, 0.00055384375, 0.06367860101
135.493664, 0.00055384375, 0.06367662725
135.546912, 0.0005538446875, 0.06365122512
135.551008, 0.0005538449219, 0.06364929442
135.649312, 0.0005537447266, 0.06358973271
135.653408, 0.0005537325391, 0.06358621689
135.690272, 0.0005535198828, 0.06354134207
135.694368, 0.0005534926953, 0.06353589757
135.727136, 0.0005531689453, 0.06347867559
135.731232, 0.000553124375, 0.06347099467
135.747616, 0.00055291, 0.06343562487
135.751712, 0.0005528564062, 0.06342678432
135.768096, 0.0005526101562, 0.06338732322
135.772192, 0.0005525485937, 0.06337746
135.809056, 0.0005518779297, 0.06327373884
135.813152, 0.0005517997656, 0.06326174632
135.850016, 0.0005509717578, 0.06313785467
135.854112, 0.0005508739844, 0.06312334687
135.890976, 0.0005498587891, 0.06297545685
135.895072, 0.0005497401953, 0.06295828074
135.92784, 0.0005486731641, 0.06280572939
135.931936, 0.0005485345703, 0.06278599208
135.9688, 0.0005471682422, 0.06259318049
135.972896, 0.0005470128516, 0.06257130148
136.00976, 0.0005455067969, 0.06236071097
136.013856, 0.0005453376172, 0.06233708136
136.157216, 0.0005391405859, 0.06147755802
136.161312, 0.0005389628125, 0.06145292655
136.239136, 0.0005357549609, 0.06100766686
136.243232, 0.0005355861719, 0.06098424806
136.31696, 0.0005327233984, 0.06058599797
136.321056, 0.000532565, 0.06056396394
136.468512, 0.0005271773828, 0.0598138048
136.472608, 0.0005270277734, 0.05979298285
136.566816, 0.0005233528516, 0.05928504088
136.570912, 0.0005231920312, 0.05926282907
136.669216, 0.000519105, 0.05870168224
136.673312, 0.0005189335937, 0.05867816422
136.718368, 0.0005170091016, 0.05841469607
136.722464, 0.0005168294922, 0.05839014987
136.853536, 0.0005112458984, 0.05762774288
136.857632, 0.0005110727344, 0.05760409268
136.955936, 0.0005071159766, 0.05706311232
136.960032, 0.0005069507812, 0.0570405316
137.144352, 0.000499815625, 0.0560661229
137.148448, 0.000499655625, 0.05604428441
137.222176, 0.0004966458594, 0.05563506251
137.226272, 0.0004964778516, 0.05561222624
137.332768, 0.0004919936719, 0.0550046866
137.336864, 0.0004918192578, 0.05498106819
137.480224, 0.0004859542187, 0.0541870743
137.48432, 0.0004857878125, 0.05416453388
137.553952, 0.0004830971484, 0.05379951957
137.558048, 0.0004829391406, 0.05377808074
137.7096, 0.0004774379687, 0.05303099576
137.713696, 0.0004772903906, 0.0530109388
137.783328, 0.0004746211719, 0.05264973356
137.787424, 0.0004744651562, 0.05262861144
137.889824, 0.0004702821094, 0.05206504554
137.89392, 0.0004701130859, 0.05204227687
138.05776, 0.0004631297266, 0.0511050578
138.061856, 0.0004629521094, 0.05108122124
138.1192, 0.0004605799219, 0.05076249633
138.123296, 0.0004604089062, 0.05073952284
138.192928, 0.0004576540625, 0.05036895652
138.197024, 0.0004574900781, 0.05034690331
138.328096, 0.0004525023437, 0.04967585904
138.332192, 0.0004523503516, 0.04965537576
138.373152, 0.0004507653906, 0.04944225947
138.377248, 0.0004505990234, 0.04941992797
138.40592, 0.0004494582812, 0.0492667369
138.410016, 0.0004492982812, 0.04924523269
138.69264, 0.0004375323828, 0.04767309023
138.696736, 0.0004373627734, 0.04765038193
138.778656, 0.0004341504297, 0.04721992526
138.782752, 0.000433990625, 0.04719849741
138.946592, 0.0004279782812, 0.04639219483
138.950688, 0.0004278314844, 0.04637247093
139.044896, 0.0004242067187, 0.04588706302
139.048992, 0.0004240475, 0.04586573312
139.126816, 0.0004208452344, 0.04543777618
139.130912, 0.000420675625, 0.0454151001
139.331616, 0.0004121305859, 0.04427577058
139.335712, 0.0004119559766, 0.04425244814
139.438112, 0.0004078205078, 0.04369998806
139.442208, 0.0004076542969, 0.04367776573
139.630624, 0.0004003661719, 0.04270428254
139.63472, 0.0004002069531, 0.04268298035
139.647008, 0.0003997097656, 0.04261651448
139.651104, 0.000399549375, 0.04259505864
139.958304, 0.0003868375, 0.04090126461
139.9624, 0.0003866685156, 0.04087867345
140.081184, 0.0003821153516, 0.04027017734
140.08528, 0.0003819597656, 0.04024935695
140.22864, 0.0003767196875, 0.03954893201
140.232736, 0.0003765696875, 0.03952885271
140.306464, 0.0003736766797, 0.0391420474
140.31056, 0.0003735176953, 0.03912077295
140.388384, 0.0003703107812, 0.03869205441
140.39248, 0.0003701416016, 0.03866941804
140.593184, 0.0003616064453, 0.03752950894
140.59728, 0.0003614332422, 0.03750631725
140.6792, 0.0003581585937, 0.0370682179
140.683296, 0.0003579922266, 0.03704593832
140.826656, 0.0003525363281, 0.03631650107
140.830752, 0.0003523839453, 0.03629609624
140.908576, 0.0003493255469, 0.03588671397
140.912672, 0.0003491647656, 0.03586517306
141.117472, 0.0003405722266, 0.03471547474
141.121568, 0.0003403976562, 0.03469204536
141.215776, 0.0003365258594, 0.03417311987
141.219872, 0.0003363586328, 0.03415068035
141.2936, 0.0003335339844, 0.0337723447
141.297696, 0.0003333760156, 0.03375116456
141.465632, 0.0003272871094, 0.0329373423
141.469728, 0.0003271373047, 0.03291727424
141.568032, 0.0003233099219, 0.03240432133
141.572128, 0.0003231476953, 0.0323825411
141.625376, 0.0003209405078, 0.03208601782
141.629472, 0.0003207713281, 0.03206327461
141.858848, 0.0003109849219, 0.03074955524
141.862944, 0.0003108123437, 0.03072631509
141.957152, 0.0003070620703, 0.03022277314
141.961248, 0.0003068974609, 0.03020063373
142.084128, 0.0003021971484, 0.02957058035
142.088224, 0.0003020427344, 0.02954986001
142.166048, 0.0002989296484, 0.02913143992
142.170144, 0.0002987682422, 0.02910973696
142.452768, 0.0002870273437, 0.02753249412
142.456864, 0.0002868577734, 0.02750961685
142.514208, 0.0002846153906, 0.02720822118
142.518304, 0.0002844542187, 0.02718653345
142.596128, 0.0002815619141, 0.02679903533
142.600224, 0.0002814077344, 0.02677834215
142.70672, 0.0002775666797, 0.02626497674
142.710816, 0.0002774192578, 0.02624524934
142.805024, 0.0002737907422, 0.02575811488
142.80912, 0.0002736323437, 0.02573681531
142.907424, 0.0002695787891, 0.02519013167
142.91152, 0.0002694087891, 0.02516715886
143.11632, 0.0002607207422, 0.02399452843
143.120416, 0.0002605497656, 0.02397139966
143.173664, 0.0002584215234, 0.02368466243
143.17776, 0.0002582553125, 0.02366222459
143.325216, 0.0002526221484, 0.02290720042
143.329312, 0.0002524701562, 0.02288684013
143.407136, 0.0002494220703, 0.02247700187
143.411232, 0.0002492618359, 0.02245543645
143.48496, 0.0002462310156, 0.02204612926
143.489056, 0.0002460632031, 0.02202344836
143.616032, 0.0002407077734, 0.02129905683
143.620128, 0.0002405327734, 0.02127530696
143.718432, 0.0002365124609, 0.02073275808
143.722528, 0.0002363446484, 0.02071007212
143.816736, 0.0002327349609, 0.02022625595
143.820832, 0.0002325783984, 0.02020524941
143.865888, 0.0002309421094, 0.01998717343
143.869984, 0.000230798125, 0.01996805138
143.968288, 0.0002271913672, 0.0194873369
143.972384, 0.0002270413672, 0.0194673239
144.066592, 0.0002233575, 0.01897270072
144.070688, 0.0002231953125, 0.01895086153
144.123936, 0.0002209998828, 0.01865409147
144.128032, 0.0002208307031, 0.01863119922
144.336928, 0.0002119305859, 0.01742676959
144.341024, 0.0002117564062, 0.01740311902
144.435232, 0.0002079670312, 0.01689307474
144.439328, 0.00020780125, 0.01687071011
144.648224, 0.0001996960156, 0.01578791896
144.65232, 0.000199535625, 0.01576639771
144.955424, 0.0001869430859, 0.01407168715
144.95952, 0.0001867741016, 0.0140488578
145.057824, 0.0001829636328, 0.013540319
145.06192, 0.0001828058203, 0.01351925159
145.22576, 0.00017682375, 0.01273113826
145.229856, 0.0001766745312, 0.01271144841
145.30768, 0.0001736569922, 0.01230914546
145.311776, 0.0001734982031, 0.01228795574
145.365024, 0.0001713130469, 0.01199360339
145.36912, 0.0001711458594, 0.011971087
145.618976, 0.0001605720312, 0.01054515733
145.623072, 0.0001604010547, 0.01052206456
145.67632, 0.0001582668359, 0.0102364046
145.680416, 0.0001581004687, 0.01021406113
145.844256, 0.0001518394922, 0.009386711745
145.848352, 0.0001516850781, 0.009366325957
145.909792, 0.0001492364062, 0.009039472496
145.913888, 0.0001490753906, 0.009018027627
146.135072, 0.0001398523437, 0.007780001144
146.139168, 0.00013967875, 0.007756534768
146.18832, 0.0001376609375, 0.007485959746
146.192416, 0.0001374971484, 0.007464115309
146.237472, 0.0001356875391, 0.007222751565
146.241568, 0.0001355219531, 0.007200619228
146.319392, 0.0001325754687, 0.006813722423
146.323488, 0.0001324191016, 0.006793127125
146.466848, 0.0001272021484, 0.006116783402
146.470944, 0.0001270527344, 0.006097368659
146.544672, 0.0001241920703, 0.005720027257
146.548768, 0.0001240328906, 0.005699003694
146.626592, 0.0001208478906, 0.005273469766
146.630688, 0.0001206794922, 0.005250919908
146.860064, 0.0001109676562, 0.003947859447
146.86416, 0.0001107950391, 0.003924641816
146.933792, 0.0001080001172, 0.003554163494
146.937888, 0.0001078337109, 0.003532012548
147.10992, 0.0001012107422, 0.002667162383
147.114016, 0.0001010539453, 0.00264667882
147.167264, 9.891523437e-05, 0.002363577796
147.17136, 9.875285156e-05, 0.002342152134
147.392544, 8.95234375e-05, 0.00111260614
147.39664, 8.935003906e-05, 0.001089330253
147.47856, 8.601136719e-05, 0.0006470400342
147.482656, 8.5844375e-05, 0.0006248905694
147.576864, 8.224453125e-05, 0.0001582920414
147.58096, 8.208851562e-05, 0.0001380698565
147.707936, 7.746960937e-05, -0.0004493389555
147.712032, 7.73221875e-05, -0.0004680370865
147.80624, 7.368585937e-05, -0.000940105535
147.810336, 7.352746094e-05, -0.000960705602
147.884064, 7.050921875e-05, -0.001360173291
147.88816, 7.034101562e-05, -0.001382480393
148.117536, 6.063078125e-05, -0.002675804207
148.121632, 6.0459375e-05, -0.00269862705
148.21584, 5.6756875e-05, -0.003179813256
148.219936, 5.65940625e-05, -0.003201086708
148.351008, 5.16365625e-05, -0.003834951446
148.355104, 5.148273437e-05, -0.003854593009
148.412448, 4.920960937e-05, -0.004150671802
148.416544, 4.904941406e-05, -0.004171443329
148.637728, 3.981351562e-05, -0.005392136925
148.641824, 3.963992187e-05, -0.005415282018
148.64592, 3.947351562e-05, -0.005437119616
148.650016, 3.930710937e-05, -0.005458956384
148.736032, 3.579753906e-05, -0.005919356766
148.740128, 3.563132812e-05, -0.005941139634
148.838432, 3.190285156e-05, -0.006415441719
148.842528, 3.174824219e-05, -0.006435090034
148.969504, 2.713777344e-05, -0.007009525986
148.9736, 2.698820312e-05, -0.007028235891
149.051424, 2.396121094e-05, -0.007417147505
149.05552, 2.38021875e-05, -0.007437581619
149.125152, 2.09578125e-05, -0.0078103772
149.129248, 2.078964844e-05, -0.007832483445
149.313568, 1.29121875e-05, -0.008879992374
149.317664, 1.273539062e-05, -0.008903662622
149.379104, 1.021261719e-05, -0.009234177367
149.3832, 1.004179687e-05, -0.009256721137
149.477408, 6.297109375e-06, -0.009739875682
149.481504, 6.13390625e-06, -0.009760980905
149.588, 2.058945312e-06, -0.01027712657
149.592096, 1.904140625e-06, -0.01029664068
149.62896, 4.523828125e-07, -0.01048316058
